000600060006000600060006000600060006000600060006000600060006000600060006000600060006000600060006000600060006000600060006000600060006
000600030000000000000000000000000000000000000000000000000000000000000000000000000000000000000000000000000000000000000000000000000006
000600040000000000000000000000000000000000000000000000000000000000000000000000000000000000000000000000000000000000000000000000000006
000600050000000000000000000000000000000000000000000000000000000000000000000000000000000000000000000000000000000000000000000000000006
000600060000000000000000000000000000000000000000000000000000000000000000000000000000000000000000000000000000000000000000000000000006
000600070000010001010000000000000000000000000000000000000000000000000000000000000000000000000000000000000000000000000000000000000006
000600080006000601020000000000000000000000000000000000000000000000000000000000000000000000000000000000000000000000000000000000000006
000600000000000000000000000000000000000000000000000000000000000000000000000000000000000000000000000000000000000000000000000000000006
000600000000000000000000000000000000000000000000000000000000000000000000000000000000000000000000000000000000000000000000000000000006
000600000000000000000000000000000000000000000000000000000000000000000000000000000000000000000000000000000000000000000000000000000006
000600000000000000000000000000000000000000000000000000000000000000000000000000000000000000000000000000000000000000000000000000000006
000600000000000000000000000000000000000000000000000000000000000000000000000000000000000000000000000000000000000000000000000000000006
000600000000000000000000000000000000000000000000000000000000000000000000000000000000000000000000000000000000000000000000000000000006
000600000000000000000000000000000000000000000000000000000000000000000000000000000000000000000000000000000000000000000000000000000006
000600000000000000000000000000000000000000000000000000000000000000000000000000000000000000000000000000000000000000000000000000000006
000600000000000000000000000000000000000000000000000000000000000000000000000000000000000000000000000000000000000000000000000000000006
000600000000000000000000000000000000000000000000000000000000000000000000000000000000000000000000000000000000000000000000000000000006
000600000000000000000000000000000000000000000000000000000000000000000000000000000000000000000000000000000000000000000000000000000006
000600000000000000000000000000000000000000000000000000000000000000000000000000000000000000000000000000000000000000000000000000000006
000600060006000600060006000600060006000600060006000600060006000600060006000600060006000600060006000600060006000600060006000600060006