000600060006000600060006000600060006000600060006000600060006000600060006000600060006000600060006000600060006000600060006000600060006
000600030001000100010001000100010001000100010001000100010001000100010001000100010001000100010001000100010001000100010001000100010006
000600040001000100010001000100010001000100010001000100010001000100010001000100010001000100010001000100010001000100010001000100010006
000600050001000100010001000100010001000100010001000100010001000100010001000100010001000100010001000100010001000100010001000100010006
000600060001000100010001000100010001000100010001000100010001000100010001000100010001000100010001000100010001000100010001000100010006
000600070001010001010001000100010001000100010001000100010001000100010001000100010001000100010001000100010001000100010001000100010006
000600080006000601020001000100010001000100010001000100010001000100010001000100010001000100010001000100010001000100010001000100010006
000600010001000100010001000100010001000100010001000100010001000100010001000100010001000100010001000100010001000100010001000100010006
000600010001000100010001000100010001000100010001000100010001000100010001000100010001000100010001000100010001000100010001000100010006
000600010001000100010001000100010001000100010001000100010001000100010001000100010001000100010001000100010001000100010001000100010006
000600010001000100010001000100010001000100010001000100010001000100010001000100010001000100010001000100010001000100010001000100010006
000600010001000100010001000100010001000100010001000100010001000100010001000100010001000100010001000100010001000100010001000100010006
000600010001000100010001000100010001000100010001000100010001000100010001000100010001000100010001000100010001000100010001000100010006
000600010001000100010001000100010001000100010001000100010001000100010001000100010001000100010001000100010001000100010001000100010006
000600010001000100010001000100010001000100010001000100010001000100010001000100010001000100010001000100010001000100010001000100010006
000600010001000100010001000100010001000100010001000100010001000100010001000100010001000100010001000100010001000100010001000100010006
000600010001000100010001000100010001000100010001000100010001000100010001000100010001000100010001000100010001000100010001000100010006
000600010001000100010001000100010001000100010001000100010001000100010001000100010001000100010001000100010001000100010001000100010006
000600010001000100010001000100010001000100010001000100010001000100010001000100010001000100010001000100010001000100010001000100010006
000600060006000600060006000600060006000600060006000600060006000600060006000600060006000600060006000600060006000600060006000600060006